65
1 1 7851116204037232
2 3 5
10 13 3337041873753082
6 9 497087563
3 5 840843200459482
4 6 2271224666368145
74116 111994 1493371909130523
1 3 100
19716 29416 841088842498107
314 512 1024
9545048558841825 6899255672076999 9272818149758853
5 1 100
5 8 550103143310362
3626621529746551 3995165959615617 3319701929960343
9 10 9259928947805118
13988 25555 2154753727553324
4 4 1760792368134037
1 1 1000000000000
9 15 5802491041437611
5 9 2462869142646418
5089 7407 1785197717173513
4175966084693454 5040165207533386 1846283425419327
80006 121046 2203488461171151
1000000000000 1 1
725831654114702 4541733210835335 2742887072719959
10 13 11234567890
1 1 3771679948420674
3865717696012301 6136029900710052 3321279115901350
10 13 8689503031950123
1 1000000000000 1
9706554173387903 5097740681849255 2095245244912381
13973 26419 3513626523439425
9 9 2395440648063235
1 1000000000000 1000000000000
49127 75508 3693288613316216
26597 37816 4245730305851899
60280 106158 382504020903546
259149987802241 6689368820300403 3534721002568495
4 6 7754441745231444
6761462000443010 904477908128201 3043816924959190
2 3 1
4930 6317 3001060110844245
650920191250544 3690753017565881 4021727189586015
5 7 4495587747091262
9 17 7379218941168776
1000000000000 1 1000000000000
37177 52260 3627623246300954
10 13 8839845532190096
5 9 9152845331581750
8272 10247 5338458442301888
4 4 4198590241362000
10 17 370045965243845
9334 14595 5458585253152592
314 512 133769420
52245 85277 3528041057867931
59617 76399 8216425361382011
7 7 6977204123379581
7 12 6439637337963783
6 9 2903294259185990
8025714536856354 9903000027803061 904922510325972
7861 11257 5477539912208008
63664 95087 9775891537969006
2 2 9825445613196928
48878 70096 1422160026469748
2 3 2
