500
4 100 2 1
999999999 100 1 1
100 999999999 2 2
999999999 3 3 1
1000000000 1000000000 301408972 2
3 100 1 64
4 4 2 3
3 100 1 1
1000000000 999999999 3 2
100 100 2 99
1000000000 1000000000 1 4469475
3 1000000000 1 1
999999999 100 999999998 3
4 1000000000 3 999999999
900930753 3 3 1
999999999 1000000000 999999998 1
1000000000 1000000000 2 1
269564282 100 1 3
3 4 2 2
1000000000 1000000000 3 999999999
100 4 1 1
564769898 999999999 3 3
1000000000 3 3 2
2 2 1 1
4 3 2 2
100 1000000000 2 999999999
1000000000 1000000000 3 3
1000000000 100 3 3
1000000000 4 3 2
4 1000000000 2 1
1000000000 100 1 3
4 999999999 1 999999998
100 100 1 2
1000000000 1000000000 999999999 2
1000000000 1000000000 990110168 2
1000000000 527180352 2 1
100 916630865 1 2
999999999 1000000000 3 218565021
109588419 516866303 95880941 3
1000000000 999999999 3 3
1000000000 84082569 375561153 2
1000000000 100 3 62
3 999999999 1 999999998
999999999 4 3 2
1000000000 1000000000 244626410 3
1000000000 2 1 1
3 2 2 1
999999999 1000000000 1 3
1000000000 723284552 647366837 1
999999999 999999999 999999998 1
1000000000 2 592728920 1
4 4 2 2
4 999999999 2 999999998
100 3 3 2
3 100 1 3
100 100 99 99
3 3 1 2
999999999 1000000000 999999998 2
999999999 999999999 470395372 2
2 1000000000 1 1
999999999 999999999 3 361042743
1000000000 100 99694839 3
904027769 100 278679397 3
100 2 3 1
999999999 999999999 3 3
100 999999999 83 1
100 100 99 1
1000000000 889034323 2 585497466
1000000000 4 2 3
3 929445484 2 1
1000000000 4 2 2
1000000000 4 1 3
999999999 1000000000 2 2
3 1000000000 1 2
4 3 2 1
2 1000000000 1 3
3 999999999 2 2
1000000000 1000000000 2 999999999
1000000000 4 999999999 3
4 3 3 2
100 999999999 5 3
1000000000 4 999999999 1
999999999 100 999999998 99
1000000000 4 1 2
4 999999999 1 3
100 4 2 2
100 3 2 1
4 100 3 1
4 100 2 2
1000000000 100 1 1
3 100 1 99
4 100 3 99
999999999 153855548 3 2
1000000000 748176992 2 3
1000000000 100 2 2
100 100 70 2
4 100 1 3
4 625855660 3 1
1000000000 3 2 1
100 1000000000 2 3
999999999 489345280 108542079 3
100 4 3 2
2 100 1 99
1000000000 1000000000 3 165697225
2 1000000000 1 999999999
70829133 100 3 26
1000000000 2 3 1
1000000000 4 3 1
4 999999999 1 1
100 1000000000 3 875437474
997867345 170075009 374134420 2
999999999 4 999999998 3
4 4 3 2
999999999 100 2 1
1000000000 4 2 1
999999999 1000000000 38408940 1
999999999 3 1 2
3 100 2 99
100 2 99 1
100 100 2 1
1000000000 999999999 999999999 1
999999999 4 1 1
100 1000000000 3 881233701
999999999 999999999 999999998 2
216458893 858261817 2 730048733
38475058 4 38289611 2
632902334 4 3 3
999999999 100 999999998 1
2 590064564 1 410727603
100 3 1 2
4 100 2 71
2 3 1 2
999999999 100 2 2
3 999999999 2 999999998
100 1000000000 99 2
999999999 1000000000 2 999999999
100 1000000000 3 1
3 100 1 2
946260157 2 1 1
999999999 4 2 1
3 999999999 2 3
100 4 2 1
452792670 1000000000 2 115192647
100 1000000000 3 999999999
100 3 2 2
4 4 2 1
100 999999999 2 999999998
4 999999999 3 2
4 292678792 1 2
999999999 999999999 2 3
4 2 2 1
992439437 2 2 1
1000000000 2 2 1
100 100 2 3
1000000000 999999999 1 3
697757447 999999999 3 614333645
903145896 4 200741956 3
621335426 20082604 2 3
3 999999999 1 3
100 1000000000 2 1
4 1000000000 1 2
1000000000 100 999999999 2
4 100 2 99
999999999 1000000000 1 1
4 40276081 1 3
999999999 2 3 1
632200338 3 1 2
999999999 3 999999998 1
3 565428755 1 2
1000000000 999999999 2 1
3 100 2 3
100 999999999 3 607160337
100 100 99 2
4 999999999 3 3
4 999999999 2 1
999999999 2 999999998 1
100 1000000000 1 2
406955220 100 2 1
702326696 999999999 3 1
100 100 1 1
999999999 100 3 3
3 2 1 1
100 2 2 1
576202195 4 1 2
100 1000000000 99 999999999
100 999999999 2 1
1000000000 445823784 2 2
2 999999999 1 999999998
4 1000000000 3 3
999999999 1000000000 1 2
1000000000 999999999 3 1
1000000000 999999999 1 2
3 387806766 2 3
1000000000 100 2 3
377173489 999999999 3 1
1000000000 2 999999999 1
4 1000000000 2 812085677
999999999 999999999 2 2
100 39439397 2 35075686
1000000000 3 198570665 2
100 4 84 3
100 3 3 1
4 3 1 1
100 1000000000 1 1
999999999 3 3 2
1000000000 1000000000 1 3
100 1000000000 1 999999999
3 999999999 2 478452455
779009402 100 3 3
365482087 971250614 97597 28576180
100 100 2 2
100 397986566 65 2
2 999999999 1 3
100 999999999 99 1
100 1000000000 3 3
1000000000 1000000000 999999999 999999999
100 4 2 3
1000000000 3 1 1
809198703 3 2 1
427727826 1000000000 3 1
3 4 1 3
999999999 1000000000 1 999999999
4 1000000000 1 999999999
1000000000 3 999999999 2
100 3 98 2
2 999999999 1 2
3 1000000000 2 1
142421367 2 48241495 1
3 637320062 1 460765579
1000000000 4 3 3
2 4 1 3
3 3 2 2
1000000000 999999999 3 999999998
201238540 100 49757290 14
3 190048202 1 3
999999999 1000000000 3 233117279
1000000000 100 999999999 1
4 1000000000 2 999999999
3 348674172 2 208198940
999999999 100 2 11
4 100 3 2
159636198 2 132750702 1
100 999999999 1 999999998
4 999999999 3 999999998
4 100 1 1
1000000000 999999999 90055928 1
999999999 999999999 999999998 999999998
1000000000 352351844 795508322 1
606735969 100 574575067 9
1000000000 100 2 99
999999999 919338507 247646166 1
100 305987626 2 48247012
3 440178503 1 1
1000000000 100 999999999 3
999999999 999999999 3 999999998
803061495 4 3 3
100 100 3 1
3 999999999 1 2
999999999 1000000000 3 3
2 270189690 1 1
999999999 999999999 1 999999998
699118378 100 371255050 53
1000000000 100 968047634 19
100 999999999 3 1
100 4 1 2
407111787 999999999 158724311 2
671771882 1000000000 458242975 1
999999999 1000000000 488516079 1
569981406 4 2 2
999999999 3 999999998 2
100 4 99 1
1000000000 999999999 999999999 2
999999999 306100163 2 1
100 999999999 1 4861357
3 1000000000 1 3
2 1000000000 1 2
1000000000 3 2 2
3 4 1 2
3 131597407 2 130390896
2 3 1 1
135818523 100 127108945 1
586838884 999999999 2 2
1000000000 4 998306795 2
100 4 99 2
3 4 1 1
543383962 764857696 2 41522173
1000000000 100 2 1
999999999 100 3 99
100 999999999 72 3
100 4 99 3
755742919 1000000000 2 2
1000000000 100 2 27
999999999 2 2 1
4 2 3 1
1000000000 999999999 2 47219043
4 1000000000 1 1
515006471 3 3 2
598618548 1000000000 1 2
100 999999999 2 3
999999999 999999999 3 2
100 100 3 99
100 1000000000 14 1
2 4 1 2
100 1000000000 1 3
377279890 1000000000 2 469488179
999999999 999999999 1 1
999999999 1000000000 534911742 345724526
76553835 3 3 2
999999999 4 1 3
1000000000 3 1 2
999999999 4 3 1
2 611627491 1 2
588175668 2 2 1
3 999999999 2 217585714
999999999 878891013 1 3
999999999 999999999 3 1
100 999999999 1 1
163592637 549432548 2 110629430
999999999 1000000000 2 3
3 3 2 1
4 3 1 2
587962907 2 570433024 1
999999999 999999999 1 3
3 1000000000 2 3
999999999 1000000000 999999998 999999999
4 308024713 3 2
999999999 4 37069733 2
999999999 3 1 1
400638252 4 3 2
1000000000 100 1 2
513324740 2 1 1
1000000000 999999999 2 2
3 999999999 1 701097245
1000000000 1000000000 1 999999999
1000000000 999999999 999999999 999999998
1000000000 1000000000 3 1
804684832 197217720 1 153175513
3 1000000000 1 638408569
100 999999999 99 999999998
100 999999999 1 3
1000000000 999999999 313743023 2
999999999 4 3 3
1000000000 999999999 999999999 3
4 2 1 1
999999999 999999999 999999998 3
100 100 3 2
4 100 3 3
2 4 1 1
999999999 4 999999998 2
100 999999999 3 999999998
422251405 1000000000 332267304 3
4 999999999 2 3
100 461180180 3 3
100 1000000000 99 3
100 100 3 48
999999999 4 627313199 3
1000000000 100 3 1
3 4 2 3
4 1000000000 2 3
100 100 99 3
999999999 1000000000 3 2
998645846 2 2 1
100 1000000000 3 2
999999999 999999999 2 999999998
404696558 1000000000 344580310 355699065
999999999 1000000000 2 1
100 999999999 99 3
4 999999999 2 2
543390985 2 25843304 1
271589777 216429783 1 1
999999999 4 90975763 3
1000000000 100 1 99
999999999 1000000000 999999998 3
4 1000000000 1 3
999999999 4 1 2
999999999 3 2 1
630783940 100 3 2
1000000000 4 606716047 3
100 4 3 3
999999999 3 976671636 2
3 1000000000 1 999999999
100 999999999 1 913663288
4 999999999 1 2
4 410312616 3 176330867
4 1000000000 2 374349453
1000000000 3 999999999 1
2 100 1 2
4 4 1 3
999999999 100 999999998 2
999999999 1000000000 3 1
3 999999999 1 1
1000000000 1000000000 1 1
999999999 100 3 2
999999999 4 999999998 1
1000000000 100 999999999 99
2 999999999 1 1
1000000000 999999999 1 1
1000000000 100 3 99
3 999999999 2 1
2 100 1 1
999999999 100 1 99
3 1000000000 2 2
1000000000 4 999999999 2
100 100 1 99
100 2 1 1
2 1000000000 1 621800414
100 3 1 1
999999999 100 2 99
999999999 100 3 89
351511977 1000000000 3 1
914040527 100 1 2
4 345870621 1 11170728
3 1000000000 2 174737436
999999999 100 1 2
999999999 2 1 1
826551905 100 1 49
999999999 999999999 1 2
19089712 3 3 1
3 3 1 1
977912389 734778827 532290378 1
100 100 1 3
100 999999999 3 2
100 999999999 57 187975571
312920545 1000000000 309279031 2
100 999999999 99 2
4 100 2 3
999999999 100 3 1
704993648 595827515 1 3
4 1000000000 2 2
588778144 302958057 3 3
1000000000 999999999 2 3
4 100 1 2
4 1000000000 1 809590669
207868204 1000000000 2 225202610
1000000000 4 120887411 1
999999999 1000000000 141127510 2
100 1000000000 2 2
100 2 9 1
1000000000 1000000000 2 2
1000000000 100 3 2
4 999999999 3 1
100 100 3 3
4 100 1 99
100 4 3 1
999999999 1000000000 2 724564983
3 100 2 2
999999999 4 2 2
4 1000000000 3 2
100 999999999 1 2
999999999 4 2 3
4 1000000000 3 1
100 4 1 3
474573491 100 2 2
499812538 999999999 1 1
4 21218471 2 2
2 100 1 3
999999999 3 132294377 2
999999999 100 2 3
999999999 100 361399062 76
3 4 2 1
160776118 100 1 1
999999999 3 2 2
100 3 99 1
126406469 999999999 3 3
1000000000 1000000000 2 3
1000000000 1000000000 3 2
4 3 3 1
100 999999999 3 3
1000000000 999999999 1 999999998
100 3 99 2
4 4 1 1
4 4 1 2
2 477765917 1 413635441
1000000000 4 1 1
1000000000 1000000000 1 2
1000000000 354487415 2 1
999999999 388726895 726514352 2
4 4 3 3
1000000000 1000000000 999999999 1
713458743 999999999 1 232415301
3 49194494 2 1
1000000000 1000000000 999999999 3
66434218 3 2 2
1000000000 1000000000 432922762 516684653
259765240 2 1 1
1000000000 999999999 2 999999998
4 100 1 40
249097053 100 3 2
100 1000000000 99 1
999999999 1000000000 3 999999999
1000000000 3 3 1
475576299 79599546 62711377 1
4 4 3 1
999999999 100 1 3
3 1000000000 2 999999999
275678673 999999999 1 1
999999999 999999999 2 1
3 100 2 1
690839093 999999999 2 3
874810763 1000000000 1 903855415
